
 -2.3192760349520974E-012   1.1958488864669827E-010
  -1.6864853090682352E-012   8.6957331273727875E-011
  -1.5678407846374148E-012   8.0839831259151939E-011
  -1.6864853090686302E-012   8.6957331273727862E-011
  -2.3192760349525849E-012   1.1958488864669822E-010

0-100
  4.9960178877678303E-011   1.0867338754488107E-010
   4.9100166708309346E-011   7.1788545912024061E-011
   4.8722310675193293E-011   6.4526528538300277E-011
   4.9100166708309022E-011   7.1788545912024281E-011
   4.9960178877677857E-011   1.0867338754488127E-010


 -5.4136332009873812E-011   1.0665449915726126E-010
  -5.1846787862473340E-011   6.9830740245899167E-011
  -5.1187638061146057E-011   6.2588834087680873E-011
  -5.1846787862473657E-011   6.9830740245898921E-011
  -5.4136332009874238E-011   1.0665449915726101E-010

0--100
  4.9960178877678309E-011   1.0867338754488108E-010
   4.9100166708309339E-011   7.1788545912024048E-011
   4.8722310675193287E-011   6.4526528538300251E-011
   4.9100166708309010E-011   7.1788545912024268E-011
   4.9960178877677850E-011   1.0867338754488126E-010
----------------------------------------



0--100
 -5.4136332009873812E-011   1.0665449915726125E-010
  -5.1846787862473347E-011   6.9830740245899154E-011
  -5.1187638061146076E-011   6.2588834087680886E-011
  -5.1846787862473676E-011   6.9830740245898947E-011
  -5.4136332009874245E-011   1.0665449915726101E-010


0-100
 -1.3261393970707203E-011   5.3983736673980322E-011
   8.3626042130774605E-012   3.6505850784374023E-011
   2.0166929918172559E-011   2.6305896285387971E-011
   3.1280335854271780E-011   2.0585379525475510E-011
   4.9903671966527403E-011   2.4471055687762612E-011


100-0
 -5.4136332009873818E-011   1.0665449915726126E-010
  -5.1846787862473347E-011   6.9830740245899180E-011
  -5.1187638061146070E-011   6.2588834087680886E-011
  -5.1846787862473670E-011   6.9830740245898947E-011
  -5.4136332009874238E-011   1.0665449915726100E-010
